1 33
0.729758 0.610603 -24.4335 -321
-0.0978169 -0.336023 -4.641 3222
0.539257 -0.0158658 -1.39 -3122
0.122891 -0.169941 -0.17785 211
0.233154 -0.0248952 -0.517263 -211
-0.13948 0.397036 -5.17883 211
-0.190203 0.192427 -2.50536 -211
0.233181 -0.299092 -9.85967 321
-0.223622 -0.217576 -0.944294 -211
0.468101 0.213217 -1.04501 -321
0.281882 -0.199227 -0.239822 211
0.109031 -0.339193 2.38861 -211
-0.491485 0.71402 4.44849 211
0.152916 -0.413803 7.95143 -211
-0.540715 -0.715987 8.58569 -211
0.157219 0.529303 0.740767 2212
-0.197968 -0.211686 1.74853 -2212
-0.092421 0.130196 -1.92243 211
0.0137454 0.46775 0.0284397 211
-0.060063 -0.255069 -0.0551564 310
0.183874 0.0690312 0.0248172 -211
-0.304603 0.0366289 -2.40281 211
-0.281412 0.271911 -0.0771665 211
-0.0336028 -0.193996 1.6559 211
0.723522 -0.0233685 15.5455 211
0.137196 0.557198 9.6704 -211
-0.32936 -0.28935 -0.740378 211
-0.122453 0.528834 -0.0598235 -211
0.385427 -0.109191 -4.46327 -211
0.328053 -0.0741787 0.325335 130
-0.0874338 -0.236255 -0.103737 130
0.273925 0.0970891 -1.03257 211
0.164303 -0.198196 -1.49499 211
2 95
0.933364 0.733471 6.17663 -321
-1.21622 3.12408 83.9316 211
0.310965 1.16573 -0.104485 211
-0.352103 1.0613 -0.0150761 211
-0.121634 0.545525 0.068708 211
-0.872265 0.0605041 -1.30881 321
2.27402 -1.35662 -2.87593 -211
0.220758 -0.500103 -0.491497 211
-0.500002 -0.596296 -0.342625 -321
-0.172371 0.11424 0.216226 211
-0.323884 -0.115179 -1.5474 -211
0.709477 0.87594 -3.74685 211
0.199227 0.493882 1.99067 211
-0.146746 -0.109729 1.43069 211
0.215173 1.05129 1.60782 -211
-0.329976 0.364822 0.963273 211
0.323162 -0.0323682 0.0542609 -211
-0.370739 -0.542972 1.06371 211
-1.61886 0.0596504 3.60505 -3122
-0.163864 -0.165435 -5.28424 211
-0.240653 -0.472055 -1.58284 211
0.702834 -1.35899 -3.29048 -211
-0.182847 -0.187724 -0.273201 211
2.66846 -1.28714 -5.28815 -2212
0.969082 -0.740951 -1.68476 211
0.294164 -0.33225 -0.0444408 -211
0.0832456 0.379759 -0.409584 -321
-0.137443 -0.0786455 -0.0804862 211
0.488915 -0.583928 0.407855 -211
0.824288 -1.4588 1.26847 -321
0.678104 -0.960168 1.43586 321
1.49274 -1.39486 11.6023 -211
0.485519 -0.362969 7.89153 -211
3.18436 -2.24481 21.4109 -3122
-0.17209 -0.876372 10.5465 -321
-0.459835 -0.129506 1.23165 -211
-0.0176224 -0.165989 0.124952 211
0.0950918 -0.315264 -0.31855 211
-0.295274 -0.183855 1.02812 -211
0.362367 0.591836 2.55448 211
-0.248593 0.593761 13.954 -321
0.0485784 -0.269688 7.20637 211
0.279569 1.45482 -0.252693 -211
0.368118 0.371902 -0.550686 -211
0.464993 -0.513642 -1.0456 130
-1.76199 -1.35906 -1.12118 321
-0.465266 -0.424312 0.0201898 -211
-2.23398 2.24445 -7.7814 130
-0.179229 0.374282 -0.19029 -321
-0.118003 0.415656 -0.824253 211
0.085715 0.892286 15.7796 3122
0.133687 1.27462 12.9505 -3122
0.0322029 0.740826 8.34054 -211
-0.209505 0.691195 0.309901 -211
-0.450463 0.900185 0.774751 211
-0.746777 -0.296083 -0.0581235 -321
-0.32484 -0.956466 -9.71272 211
0.773541 -2.54726 -15.6219 -211
0.657483 0.147382 -0.416922 211
0.900937 -0.0409478 -1.82854 -211
0.737461 -0.0400073 -0.328544 211
3.81528 0.417219 -2.45596 310
1.51783 1.45085 -0.207273 130
2.30292 -0.592944 0.251231 130
0.374723 0.0458526 0.257138 211
0.341156 -0.416877 1.2574 -211
0.519866 -0.329453 0.665157 211
0.236639 -0.399659 1.00741 130
1.20736 -0.816601 1.47268 211
1.61182 -1.83731 3.59545 -211
0.315099 -0.324788 0.244056 130
1.09651 -0.978231 4.93556 2212
0.268489 -0.0447599 1.17056 211
-0.137831 -1.49336 18.5711 310
0.372121 0.100919 2.6046 211
0.0395122 0.380248 -1.44529 -211
0.0420436 0.465026 -5.45471 211
0.12059 -0.249917 -1.26112 211
-0.401022 0.80375 -1.50698 -211
0.0752431 -0.672238 0.979365 211
-0.705107 0.195385 18.4413 310
0.173591 0.320962 3.36812 130
0.292681 -0.182606 -0.393841 -211
-0.283114 -0.102929 -0.343479 -211
-0.232442 -0.0935509 5.40936 211
-0.146795 0.287467 3.12307 -211
-0.0360534 0.222783 0.303855 -211
0.341997 -0.560237 -0.576439 211
0.802601 -0.556657 -0.6976 -211
0.225183 0.0773338 -6.09641 -211
0.370435 -0.0149871 1.57126 211
0.101104 -0.132627 0.124283 -211
-0.00985963 0.317865 -1.00441 -211
0.395936 0.433455 -3.14034 211
-0.0410155 0.885032 -2.27066 -211
3 121
-1.2255 -0.0495924 -0.91854 -321
-1.50697 0.428635 -0.766922 321
-0.244763 1.02315 0.00825378 -211
-0.704438 -0.287906 -0.874385 211
-0.21978 0.0173989 -0.554686 -211
-0.915902 -0.70085 0.485704 -211
-0.155085 0.0838367 -0.342121 -211
-0.94609 -0.55728 -0.176357 211
0.00898062 0.439279 1.34094 2212
0.104531 0.278689 1.45157 -2212
0.274447 0.138686 2.5318 321
0.656962 -0.0790407 5.24331 -321
-0.0709159 -0.571576 -1.11614 -211
-0.483015 -0.219568 -5.71831 211
-0.0890804 -0.133335 -0.414769 -211
-0.477344 -0.0801096 -2.38038 211
0.719234 -0.993405 -13.9632 -211
-1.25589 -0.127238 0.0998648 211
-1.35135 1.29865 -1.961 -211
-0.45638 -0.504901 -0.916869 211
1.27413 -0.0822136 -8.13434 -3122
0.568867 0.733095 -10.5847 2212
0.679595 0.674134 -7.30001 -2212
0.410889 1.31471 -0.450796 211
-0.293458 2.08956 8.12303 -211
0.927158 0.773192 13.8882 321
-0.0210801 0.880563 10.0757 211
0.64697 0.226736 2.60098 -211
4.51078 -0.828412 9.29244 211
-0.191722 0.532723 0.659431 211
-0.342341 -0.555671 -0.272365 -211
-0.161168 -0.0298793 -0.286143 211
-0.776652 -0.530764 -2.54058 211
-0.359793 -0.325731 0.474356 -321
0.246973 0.456906 -0.0077355 211
-0.19968 -0.350136 -0.342095 -211
0.596888 0.130807 -3.46693 321
0.053675 0.454071 -7.81619 -211
-0.0492321 -0.47174 -7.13828 211
-1.02195 -0.617878 -30.5666 -3112
-0.339583 0.091951 -4.91855 -211
1.49114 -0.882852 -0.702735 -321
-0.172273 0.33514 -0.368877 -211
-0.148161 0.123977 3.65636 211
-0.652414 0.368779 -0.0212794 310
-3.23135 1.69604 16.7658 321
-0.767204 0.825558 3.40043 310
-0.18044 0.592797 5.38141 211
-0.213998 -0.116416 1.89336 -211
-0.218856 0.0103878 1.43757 211
-1.19036 0.653669 4.66099 -211
0.117491 0.147303 1.17653 211
-1.1894 0.545107 1.6289 -211
-0.329629 -0.138793 -0.549136 211
0.578882 -0.216689 -6.0546 211
0.478662 -0.779064 -3.58154 -211
0.149254 -0.613679 -14.0001 211
-0.149152 -0.390268 -6.06019 211
-0.232791 0.178918 -1.66283 -211
-0.00164038 0.197563 -2.72237 -211
-0.215273 0.721221 -5.16292 -321
0.743003 0.344236 -12.981 130
1.00289 0.0801511 1.93997 130
0.384091 0.902862 10.6417 -321
0.153913 -0.251235 7.31614 -211
-0.829399 0.298733 5.25486 -321
-0.62301 -0.415583 1.84429 211
0.250501 -0.167272 0.246959 -211
0.527001 -0.955487 2.83498 321
2.53483 -1.13683 5.41712 310
2.14406 0.574657 4.05429 -211
-1.05081 0.558128 -1.84981 -211
-2.191 -0.31093 -3.946 130
-0.366901 0.0132239 0.375967 211
0.399462 0.0795549 0.695799 -211
-0.323227 0.188287 -7.83501 310
-0.168761 -0.1601 -0.9313 211
-0.273693 -0.189897 -0.551302 -211
0.228688 -1.10566 -3.09183 211
0.287952 -0.839921 -0.309803 211
0.0188789 0.20402 -0.195062 -211
-0.176457 -0.537198 -0.851675 211
1.73963 -0.286917 -0.379721 2212
-0.00166425 -0.298686 0.271328 211
0.260984 0.303833 0.865839 -211
-0.0194089 0.468774 2.04261 211
-1.01295 1.59544 43.4431 211
0.0226045 0.612539 1.31123 310
0.201752 -0.615223 -7.12505 130
0.269067 -0.529386 -1.45878 310
-0.0264706 -2.02866 -3.9815 130
0.271963 0.0209096 0.706103 211
-0.187923 0.10707 0.546753 -211
0.166038 -0.0181933 0.382624 211
-0.0882824 0.158167 0.746453 -211
-0.0857607 -0.127061 -0.0934768 211
-0.201196 0.171997 0.20136 -211
-0.173482 -0.00965111 -0.0321889 211
0.317715 -0.321481 -2.33595 211
-0.165244 -0.494931 -1.85727 -211
-0.415669 -1.06707 -6.67222 211
-0.531129 -0.411627 -3.72035 -211
0.0677079 -0.152678 -1.21389 211
0.431301 -0.356895 -2.93947 -211
-0.284671 0.142456 -5.50042 -211
-0.384413 0.722408 -0.0788684 211
-0.223652 0.13135 -0.0984943 -211
-0.161583 -0.0645391 1.17151 211
0.18487 -0.354687 0.883523 -211
0.25552 0.510036 0.62654 211
-0.0655074 0.160282 -0.0188725 -211
0.0344079 -0.165196 -0.35298 211
-0.350719 0.0997416 -0.362088 -211
-0.146664 -0.578 -8.12659 130
-0.0900273 -0.523215 -10.1409 310
0.0706997 -0.5187 -0.97782 211
-0.0647495 -0.195464 -0.195898 -211
-0.789181 -0.030776 9.72335 211
-0.037372 0.184574 2.4451 -211
-0.249418 -0.313013 -4.96969 211
-0.146572 -0.434731 -9.41367 -211
4 271
0.440338 0.169554 0.222032 -321
3.17386 1.13152 1.81675 211
-0.19604 0.312002 0.420249 211
1.51935 0.736383 -7.12861 321
-0.149712 0.227474 4.63972 -211
-2.22512 0.359895 23.8716 321
-0.254371 -0.0478609 0.454642 -321
-2.58493 -0.683429 4.24331 321
-0.240716 0.103146 4.83176 -211
1.18815 -0.0347666 0.23979 -211
1.28322 0.6881 -0.259859 2212
-0.271479 -0.108111 0.447413 -211
-0.159956 -0.99712 17.4018 3112
1.76803 -1.80547 20.6947 -3312
0.575308 0.223574 -2.68936 211
1.12414 1.79931 -24.7992 -321
0.373758 0.557909 -6.62235 321
0.367046 -0.202077 2.53185 -211
0.27273 -0.3682 5.42892 211
-0.856906 0.44028 1.37723 -211
-1.00339 -0.224639 -4.45622 211
-0.14353 -0.484376 -0.199035 -2212
-0.547396 1.1639 22.6426 -321
0.607121 0.149765 15.6131 211
-0.225775 0.78122 11.4666 211
0.531574 -0.185078 11.5417 -211
-0.378778 -0.132692 0.738491 211
1.00253 0.413427 -0.971854 211
0.037972 1.00465 -2.81223 211
0.485089 -0.354822 0.137207 211
0.0924129 -0.734993 0.772951 -211
0.113897 -0.577314 0.811668 321
0.201759 0.415449 1.9589 -321
-0.938984 -0.305137 7.56337 211
0.456367 0.472298 2.54674 -211
0.220372 0.713649 3.58402 -211
0.0480387 0.217814 2.80107 211
0.407209 0.363908 3.7174 -211
0.0230032 -0.404831 -0.342869 -211
0.109897 0.103913 0.0244328 211
-1.23187 0.401986 6.09416 211
-0.437298 0.812042 3.51107 -211
-0.267086 0.42147 0.840033 211
-0.623586 1.89345 1.8628 -211
-1.18179 0.693903 2.29331 211
1.97992 -0.167501 26.409 -2212
0.460499 0.335521 10.4591 211
1.20225 0.676548 22.0457 3112
0.10707 -0.212674 3.14571 321
1.90525 -0.819034 50.0621 2212
-0.201959 -0.404503 6.015 211
-1.80493 -0.447696 26.5668 211
0.207258 -0.206377 4.54999 -211
-0.253872 0.428892 2.18466 211
0.572524 1.48398 -16.6035 -3322
0.277852 0.170736 -8.20284 -321
-0.0811346 -1.23119 5.52689 3222
-0.562113 -0.621064 2.79305 -3222
0.0485932 -0.336346 1.32892 321
-0.100328 -0.342471 1.42132 211
-0.259489 -1.07286 9.71132 211
-0.16894 -0.701008 12.295 -211
1.50704 0.542441 8.72898 2212
0.17324 0.553228 0.0825598 -211
0.227393 0.369282 0.839613 211
0.213371 0.0208338 0.335008 211
0.172862 0.58629 -0.221868 -211
0.246142 0.113909 -0.50825 211
0.516064 -0.594146 -2.16085 -211
0.405785 0.562893 -1.19702 -211
-0.0177509 -1.48523 -25.263 211
-0.575841 -0.647975 -18.4156 -211
-1.30145 -0.101205 -8.57356 -211
0.143478 -0.477417 -1.14281 211
-1.16673 -0.126791 -1.32998 -211
-1.20956 0.494462 -1.608 -211
-0.987668 0.685305 -0.455538 211
-0.603258 1.12257 -1.85047 -211
-0.5493 1.15017 -0.31879 2212
-0.277429 0.878556 0.818816 211
-0.750855 -1.93459 -0.0714338 -211
0.245525 0.165695 -0.740897 -211
-0.294287 -0.106549 -0.169406 211
0.695183 0.261488 6.18002 -211
-0.966602 -0.428942 23.4716 -211
-0.162149 -1.13806 12.1791 211
-1.38127 -1.68018 12.0088 211
0.304746 -0.72143 5.28231 321
1.13626 -0.248252 13.535 3312
0.45432 -0.352227 8.99157 -3122
1.7102 0.0553771 8.66557 -211
2.09458 1.17921 10.433 -211
0.0010125 0.520639 3.43256 211
0.227492 0.516795 1.97884 -211
0.278231 0.0413296 1.05649 -211
0.488552 -0.038029 0.0653558 211
-0.162556 -1.03845 -2.84164 -211
0.239667 0.222448 -0.412781 -321
0.741055 0.0646518 -1.53811 211
-0.210686 -0.47193 -7.839 -211
0.292617 0.0868068 -0.932638 321
0.450045 0.114425 -0.564237 -211
-0.163408 0.0517249 1.10892 -211
0.724769 -0.264298 -10.9438 211
-0.162789 -0.0315617 -0.0751117 211
-0.0143848 -0.669168 11.6265 211
0.153602 0.476925 4.79716 -211
-0.250841 0.295018 0.0144734 -211
0.304685 0.273137 -3.47083 -321
0.289013 0.0597609 0.654624 -211
0.121781 1.31565 2.11013 321
0.465986 0.545517 0.918839 -211
-0.369945 -0.0456216 2.76055 211
-0.509136 0.179576 -10.0583 211
-0.302005 0.174475 -9.33333 130
-1.84605 -1.25542 -32.6607 -211
-1.21908 -0.609467 -12.9718 211
-0.789028 -1.02162 -11.1725 211
-0.321541 0.0516862 -4.1326 -211
-1.55412 -2.03768 -28.1501 310
-0.389016 1.47135 0.518185 -2212
-0.532842 0.985364 0.166955 211
0.365141 -1.43618 4.21548 310
0.312943 0.578814 12.438 310
0.40074 0.0405937 -3.17707 211
0.124514 1.16115 -5.44631 -211
1.83163 1.85321 -22.2847 130
0.285854 0.989638 -14.9226 310
-0.164399 -0.126783 1.31654 211
0.689137 0.0283047 9.04372 -211
0.2364 -0.0775018 -0.111239 211
-0.234645 0.0391799 0.0247627 310
0.124128 0.396771 3.24105 -211
0.536529 -0.580334 2.14935 -211
-0.150959 -0.0119536 -0.116676 -211
-0.531305 1.38553 15.7908 211
-0.100164 1.02943 17.5836 211
0.509847 1.4147 15.0419 -211
0.688063 0.34048 11.4361 211
-0.0953739 0.322682 4.69574 -211
-0.316546 -0.0439242 4.7167 211
-1.05227 -0.537484 0.315601 211
-0.971559 -0.816515 -0.302162 -211
0.0271768 -0.770939 0.521282 -211
-0.274822 0.350208 1.07197 211
-0.353051 -0.25886 0.278027 -211
-0.876888 0.778481 5.53259 -321
-1.3805 1.26173 6.04883 211
-2.07747 1.1982 9.02034 310
-1.09229 1.1837 4.11771 130
0.112168 0.207968 0.650452 -211
-0.747424 0.586596 1.69599 211
-0.0243945 -0.159859 -1.727 310
0.267326 -0.379593 -7.25409 3122
0.509609 -0.294337 -6.67544 211
-0.192001 0.0786182 1.10429 -211
-0.408552 -0.0849657 1.11319 211
-0.436264 -1.02267 4.00525 -211
-0.202188 -0.609349 0.0569272 -321
0.439408 0.349576 0.567893 211
-0.189169 -0.449316 -0.347154 -211
-0.650446 -0.483133 -0.259073 211
-0.0764333 -1.00219 1.28778 310
0.874417 -0.953012 2.55466 310
0.118402 -0.772235 2.01822 -211
-0.823556 -0.454432 17.5349 130
0.14243 -0.531062 5.52275 310
-1.7143 -0.770708 20.2401 211
-3.09219 -2.42052 49.2039 -211
0.324952 0.49363 1.78488 321
0.802092 0.609908 2.32646 -211
1.20489 0.382122 1.89432 130
0.802789 0.703294 1.31668 130
0.767374 0.525167 0.892584 310
0.991601 0.196761 -0.0302813 -211
0.472514 0.218614 0.185739 211
2.10753 0.568822 -0.77026 -211
0.632429 0.209906 -2.34735 211
0.0477746 -0.150247 -0.970146 130
0.0784258 0.192783 -1.4722 -211
0.280454 -0.162185 -3.51323 -211
-0.0282056 -0.331617 -2.6714 211
-1.30685 -0.898515 -1.86837 211
-0.153315 -0.145823 -0.166859 211
-0.646715 0.85286 -0.715018 -211
0.0684323 1.0137 -0.000859359 -211
-0.00865726 -0.210355 0.0335037 211
-0.282906 -0.292598 0.0276459 211
-0.168945 -0.623305 0.137985 130
-0.53021 -0.751518 0.574772 130
-0.290865 -0.564684 0.735143 310
-0.607799 -0.603544 0.286992 321
-0.897458 -0.551917 0.750901 -211
-0.172283 -0.502652 -1.69173 130
-0.217982 0.213437 5.95397 211
-0.880756 -2.15425 52.1557 -211
0.608581 -1.06652 12.6488 -211
0.815333 -0.0895675 7.46381 211
0.328101 0.557517 1.5427 211
0.726162 0.136083 1.07432 -211
1.14884 0.199059 1.56955 211
0.626943 -0.672861 -2.2885 2212
0.299043 -0.255002 -1.12374 -211
0.417624 0.632777 -6.17741 211
0.259624 0.135695 -1.28607 -321
-0.205995 -0.280427 -1.06227 211
0.0400685 0.393169 -0.0813746 211
0.384856 0.0797488 -0.100191 310
0.29664 0.451592 1.62667 211
0.295839 0.170775 4.9994 -211
0.219673 0.124144 4.30202 211
0.0184073 0.415543 -1.38758 211
-0.0625075 0.341903 -2.71061 211
-0.118535 -0.269622 -1.16598 -211
-0.352115 -0.199407 0.699496 310
-0.864431 -0.3583 -13.538 310
5.07024 0.331733 -1.04181 310
-0.863313 0.402904 3.93265 130
0.0895042 0.14749 -0.946373 310
0.597942 0.0694387 -1.43971 130
-0.19459 -0.928008 0.398177 310
0.748259 -0.839902 -3.69505 130
-0.381985 -0.479908 3.18889 130
-1.06268 0.684764 27.5656 130
-1.05043 0.945921 30.133 310
0.239668 -0.984742 -25.254 -211
0.417472 -1.30163 2.35008 211
0.0313391 -0.352851 0.740711 -211
0.226011 0.146884 -1.91596 -211
-0.16084 0.300698 7.10051 -211
-0.153698 -0.0193294 1.14916 211
0.150926 0.113776 -0.423853 -211
0.256264 0.27259 -1.10399 211
0.0154423 0.688042 -1.2453 -211
-0.225642 0.220781 -0.609234 211
0.257855 -0.000701509 -0.571495 -211
-0.320463 -0.221604 0.450743 211
-0.689933 0.0256775 0.344763 -211
-0.129517 0.405641 0.956055 211
-0.16646 0.155443 0.125904 -211
-0.177843 -0.0875397 0.657763 -211
-0.204623 -0.337197 0.618782 211
0.223254 -0.288265 1.24236 -211
-0.190062 -0.00763176 1.79879 211
-0.210845 -0.0441783 1.36428 -211
-0.275941 -0.445362 9.69862 211
0.192125 -0.658965 9.21943 -211
0.072874 -0.414994 3.51797 211
0.527642 -0.763118 10.7671 -211
0.698535 -0.264634 2.95327 -211
0.262182 0.0127925 1.32147 -211
0.279468 -0.448479 -10.2149 211
1.07999 -1.20426 -27.5436 -211
-0.612691 -0.0725985 -5.04252 211
-0.261421 -0.351265 -6.16696 -211
-0.587338 1.27013 -0.161393 -211
-0.186008 -0.112226 4.96866 -211
0.783577 0.214456 6.2991 211
0.91651 0.114395 7.61809 -211
0.842983 0.983707 7.76342 211
0.621081 0.40169 2.2534 -211
0.0674992 -0.529891 -0.979105 -211
-0.259477 -0.0425096 0.431374 -211
0.273067 0.0713163 1.137 211
0.0593426 0.268981 4.00537 -211
-0.193059 -0.335164 -7.10223 211
-1.82236 -0.954085 -55.1422 -211
0.0810977 -0.37315 0.301496 211
0.187979 0.10829 -0.194892 -211
-1.53993 -1.05932 25.813 211
-0.928535 -0.692491 10.2089 -211
5 44
-0.0150403 0.80191 6.28745 -211
0.614044 0.222234 0.0853847 -2212
0.371909 0.500662 0.395745 211
0.784553 0.637134 -0.180645 -321
0.648545 -0.119392 -0.620242 211
-0.495544 -0.593906 -3.15093 211
-0.584255 -0.338304 2.81165 211
-0.595322 0.177763 4.37783 -211
-0.459877 0.117224 0.0407829 211
-0.203968 0.0136792 1.23946 -211
-0.0517296 -0.464236 -0.50155 211
-0.22298 -0.541485 -6.94675 -3212
0.501826 0.472742 -6.29428 -321
-0.633621 0.00308044 -7.50351 211
0.0306378 -1.54346 0.596883 3222
0.0963456 0.2056 -2.97115 -211
0.22943 -0.274739 0.83886 211
1.03557 -0.1941 0.411716 321
0.0164762 -0.281311 0.084737 -211
0.00386179 -0.170167 -1.13606 321
0.409575 0.104667 -1.39082 -211
-0.285079 -0.313707 -7.89221 211
-0.34065 0.156811 -5.3265 211
0.380031 0.575872 -2.11334 -211
-0.507296 0.54574 0.483864 -211
-0.250398 -0.313015 2.51613 -211
0.154259 0.522908 -0.895605 130
-0.266839 -0.0191221 -1.48278 3222
-0.0247823 -0.617079 -16.6202 -2212
-0.37134 -0.250236 -1.80828 -211
0.057204 -0.322677 -4.73811 130
0.452512 0.290148 -7.97951 130
0.164425 0.267918 -0.958994 211
0.162563 0.31885 0.522204 130
-0.142721 -0.884115 1.30876 -211
0.445274 -0.556628 1.17218 310
-0.98261 0.281602 5.96746 211
-0.605137 0.545385 5.19158 -211
0.317236 0.0215245 0.768138 -211
-0.226425 0.0704535 0.485244 211
0.356235 1.06143 -29.7139 211
0.0995822 -0.256017 -0.304073 211
0.184261 -0.148242 0.0230687 -211
0.03961 0.275894 -3.97699 211
6 114
0.072936 0.148747 -0.778314 -211
0.217054 -0.619277 3.48263 211
0.645494 -0.888343 8.35043 -211
0.203926 0.285104 3.69352 211
-0.139138 0.0564324 2.14571 -211
0.234705 -0.140584 -1.05066 -211
0.528236 0.140832 9.00879 211
-0.772704 0.221329 0.386593 -321
-0.0104454 0.615113 -5.3046 3312
-0.102987 0.206433 -0.6466 211
0.356704 0.534702 -7.53022 -3222
-0.676689 1.57135 -13.0854 211
-0.219269 0.610164 -3.75169 -211
-1.8859 2.59633 -20.0455 321
0.178663 0.30365 -1.16726 -2212
0.0117295 0.457479 1.30977 211
0.307877 0.104555 0.43418 -211
0.476564 -0.559264 19.9791 -211
-0.301763 -0.328436 3.07033 211
0.435085 0.942348 6.61101 -2212
0.399803 0.260891 6.84066 -211
0.331202 -0.542435 0.513417 211
-0.104997 0.350374 -0.124581 -211
-0.564819 -0.677673 -1.2499 -211
-0.35733 0.0984338 -1.73162 -211
-0.331774 -0.306323 -1.77636 211
0.470152 -0.355106 8.68696 -2212
0.446379 -0.00746622 0.469188 -211
0.0573049 1.09458 0.109706 211
0.581612 -0.00912124 1.22779 -211
0.421596 0.0921719 0.297163 211
0.86952 -0.489546 -3.23151 2212
0.528146 -1.94957 -37.1141 3212
-0.202943 -3.40335 -80.0979 -3212
0.673512 -2.69502 -67.7662 3112
0.343612 0.169538 -1.98065 -211
-0.537093 -0.142331 -11.274 211
0.201315 -0.214721 -0.737142 211
-0.241289 0.662228 10.68 -211
-0.23762 0.337332 10.656 -3112
-0.0389344 -0.528484 1.37438 -211
0.187194 -0.31649 -0.774776 -211
-0.944307 0.214282 -4.42995 321
-0.154504 -0.133781 -1.10648 211
-0.305157 0.0136069 5.6366 -211
-0.0261291 -0.14944 -0.248821 211
0.487159 0.029458 -0.00263925 211
-0.502341 -0.38874 0.082594 211
-0.067619 0.24245 0.929939 -211
-0.154828 -0.23111 0.766297 211
-0.0258373 -0.532945 7.88115 -211
-0.252881 0.385965 -1.29968 -321
-0.712206 0.246209 -3.51694 211
-0.593679 -0.228448 1.0494 310
-0.054271 0.720864 2.92181 130
-0.17671 -0.130525 -0.107707 211
1.64059 0.311865 -2.24973 211
-0.152406 0.117728 -2.22069 211
-0.479942 -0.232783 -5.15561 -321
0.150541 -0.0378615 -0.727056 211
0.534625 0.586264 6.78279 211
1.38012 0.262854 36.5367 -211
1.03683 -0.505452 25.9465 2212
0.445893 -0.153849 0.618887 211
-0.336593 -0.0696126 0.804626 -211
-0.397797 -0.356953 -0.282061 211
-1.32045 0.911265 -0.734505 211
0.179286 -0.0218459 -0.32967 211
-0.662548 0.109277 -4.47774 3122
-0.0159097 -0.199436 -0.989234 -211
0.298926 0.104482 2.23753 211
0.48171 0.6278 -0.361687 211
-0.0265291 -0.380508 -0.49228 -211
-0.439265 0.271645 0.182393 211
-0.0637917 0.136758 -0.665431 -211
-0.348645 -0.43092 -14.5197 310
0.142423 0.325107 -5.07953 -211
-0.208566 -0.241599 0.206956 -211
0.548034 -0.233925 1.08349 211
-0.184039 -0.157385 0.450207 -211
0.00937293 0.397963 0.300716 3122
-0.00324357 0.443065 0.104944 211
-0.316564 -0.282514 4.54298 -3122
0.826903 0.698775 2.65012 211
0.0769153 -0.13578 0.404594 -211
-0.402974 -0.36781 -4.19398 -211
-0.221561 -0.0373302 -2.47958 -211
-0.260865 -0.290951 -2.48062 -211
0.324845 0.00316067 -3.917 130
0.11296 -0.248457 -3.73595 -211
-0.170025 0.091443 -0.139092 -211
-0.534897 -0.146873 0.119182 -211
0.337341 -0.0670857 -0.100939 -211
-0.227443 0.342075 4.51538 -211
-0.612215 0.330624 3.66354 -321
-0.559589 0.493231 16.2769 130
0.747156 -0.348448 -2.33494 130
-0.0237116 -0.493473 -2.997 310
0.0951035 0.386453 -9.72961 211
0.234204 0.0683661 -2.9978 -211
-0.29281 0.0958418 -0.182497 211
-0.723145 0.466095 -3.10835 211
-0.288176 0.405709 -2.75953 -211
0.255659 -0.343803 0.197997 211
-0.202788 -0.0499966 -0.259681 -211
-0.180718 -0.301743 -2.45225 -211
-0.579704 0.0522234 -4.52826 -211
0.217268 0.105657 -3.01215 211
0.172567 -0.0416742 -1.64335 -211
-0.0630137 0.30969 0.546954 211
0.219491 0.0642276 -1.11837 211
-0.0645196 -0.166395 1.48251 -211
0.151763 0.266787 0.056332 211
-0.160649 0.109957 -0.78062 -211
7 29
0.260135 0.618939 -3.12137 211
0.786144 0.956897 -4.46453 211
0.557796 1.37436 0.657023 -211
-0.32797 0.157491 1.21714 -211
0.568568 0.262555 0.0932978 211
0.514012 -0.148537 6.5035 -211
-0.66818 -0.275481 5.47955 211
-0.340149 0.0211361 8.02124 211
0.617583 0.0954495 0.154007 -211
-0.423001 -0.1343 -1.49979 2212
0.169766 -3.28743 -20.1553 211
0.161398 0.107227 -0.143753 -211
0.216556 0.28092 -2.47526 -2212
0.327088 0.0916882 -0.610392 211
0.10054 0.853597 -2.5137 -211
0.49953 0.354895 0.377401 211
1.2877 1.57413 0.00412783 -211
0.5131 1.08743 0.4894 211
0.186389 0.033389 0.513332 211
-0.0664898 0.177758 4.80252 -211
0.258761 -0.114924 4.56117 211
0.690756 -0.116914 -0.666285 -211
0.214736 0.487022 -1.44158 211
-0.310726 0.178393 -2.25345 -211
-0.52473 -0.160969 -8.41815 321
-0.206874 -0.561809 -9.09532 -211
-1.73177 -0.393933 9.23068 211
-1.01097 -0.363225 6.94535 -211
0.12739 -0.175202 3.30961 -211
8 18
0.167594 -0.134191 0.0321417 -211
-0.408641 -0.110045 1.37108 2212
0.0344597 0.247278 -1.35598 -211
0.26905 -0.45838 -8.74472 -211
0.181127 -0.703401 -11.5967 321
-0.227041 0.351664 -2.54575 -321
-0.318139 0.0732742 2.34915 211
-0.41599 0.168425 1.45635 211
0.382949 0.00175847 0.478439 -211
0.171269 -0.165381 -0.217851 211
-0.0427914 0.347778 0.319408 -211
0.180133 -0.653369 -13.7497 211
0.606479 -0.204203 1.18987 -211
-0.0929902 -0.282794 -0.214479 211
0.00339352 -0.191117 -0.221453 -211
0.171651 0.0207254 -0.486977 211
-0.247167 -0.0899164 0.0386958 211
-0.203633 0.288396 0.501892 -211
9 9
-0.197784 0.294648 3.24708 211
0.327512 0.199742 -1.21014 -211
-0.335373 -0.125389 -0.315136 321
0.37696 0.284388 0.748774 -321
-0.41605 -0.0100352 3.93375 211
0.377839 -0.108046 4.49654 211
0.0244342 -0.310785 0.262079 211
-0.319804 0.123177 -0.372908 -211
-0.372888 0.0991412 -9.43017 -211
10 37
0.545217 -0.197612 -2.40373 -211
0.165505 0.291389 -0.732711 -211
0.0202828 0.54376 -8.40131 211
0.127291 -0.0984135 0.231728 -211
-0.34127 0.25436 8.64402 211
0.969983 -0.0994257 12.5957 -211
-0.00911668 -0.315306 2.7277 -211
-0.134193 -0.857026 0.0219181 211
0.079952 0.129569 0.778068 -321
0.140773 -0.194697 1.54666 321
0.0654036 -0.220032 -1.8449 -211
-0.60945 -0.21153 -2.43592 3222
-0.250239 0.639814 -15.3858 130
-0.119583 0.506338 -3.12539 211
1.27695 1.46171 -27.7319 310
-0.4499 -0.39729 0.209738 211
0.134187 0.116576 -0.0810592 211
1.01809 0.414126 -0.487234 211
-0.0747512 -0.271471 0.142935 -211
0.18194 0.058417 0.192589 211
-0.489474 -0.360706 0.895926 -211
0.0711267 0.566153 13.5576 211
-0.420873 0.480044 -1.97519 211
0.198705 -0.027071 -1.78573 -211
-0.29864 0.259372 1.78373 310
-0.417787 -0.892711 1.53648 310
0.545016 -0.226465 3.92238 -211
-0.102955 0.223298 0.510275 211
0.0252375 -0.374041 0.295058 -211
-0.312312 -0.0533768 -5.38323 -211
-0.285729 0.0542963 -0.3109 211
-0.338855 0.364484 0.549151 211
-0.19763 -0.0999291 0.508716 -211
-0.278704 -0.182788 0.882781 -211
0.0708582 0.205021 -0.427235 211
0.495503 -0.305824 -4.52154 211
0.177796 -0.263793 -1.74058 -211