1 29
0.153626 0.0787489 0.189973 -211
0.706237 0.293027 -0.188836 211
-0.195769 0.13282 -0.0321855 -211
-0.28052 0.0953441 0.235989 211
-0.174182 -0.401561 7.22433 211
0.100557 -0.302209 5.4045 -321
-0.155021 -0.185483 0.855223 321
-0.394574 0.00589716 1.70819 -321
-0.252323 -1.00072 2.8426 2212
-0.38737 0.219709 0.787603 -211
-0.602738 -0.602718 13.4096 211
1.45868 0.248578 38.5618 211
0.285921 -0.227945 8.93769 -211
0.487697 0.149806 0.431468 -211
-0.591699 -0.104783 0.373893 211
0.19365 -0.359583 -0.314173 211
0.248419 0.0947771 -0.48982 -211
0.670555 0.354198 -0.414696 211
-0.265446 0.16627 -0.0847212 -211
0.0510599 0.443406 -0.172999 -211
0.176839 0.490377 0.0958318 211
0.0435441 0.390732 4.57881 -211
0.833911 1.83831 12.4554 130
-1.36786 -0.488445 14.1044 310
-0.21928 -0.00864867 5.25092 -211
-0.175366 0.0818366 1.77343 211
0.133365 -0.0847979 0.286778 211
-1.00074 -0.325538 3.04295 211
-0.169452 -0.236069 0.551138 -211
